{
    "crowdSpawnInfos": [
        {
            "crowdTypeID": 105,
            "animConfigID": 1,
            "spawnPosition": {
                "x": 2015.634033203125,
                "y": 204.0124969482422,
                "z": -859.451416015625
            },
            "spawnFaceFwd": {
                "x": 0.7068237066268921,
                "z": 0.7073897123336792
            },
            "hairColor": {
                "r": 0.5215686559677124,
                "g": 0.40392157435417175,
                "b": 0.2549019753932953,
                "a": 1.0
            },
            "bodyColors": [
                {
                    "r": 0.9333333373069763,
                    "g": 0.8666666746139526,
                    "b": 0.843137264251709,
                    "a": 1.0
                },
                {
                    "r": 0.3686274588108063,
                    "g": 0.24313725531101227,
                    "b": 0.24313725531101227,
                    "a": 1.0
                },
                {
                    "r": 0.8235294222831726,
                    "g": 0.8235294222831726,
                    "b": 0.8235294222831726,
                    "a": 1.0
                },
                {
                    "r": 0.3686274588108063,
                    "g": 0.24313725531101227,
                    "b": 0.24313725531101227,
                    "a": 1.0
                }
            ],
            "instanceId": 10003
        },
        {
            "crowdTypeID": 92,
            "spawnPosition": {
                "x": 2014.3509521484375,
                "y": 204.07879638671875,
                "z": -854.8756103515625
            },
            "spawnFaceFwd": {
                "x": -0.5336868762969971,
                "z": 0.8456821441650391
            },
            "hairColor": {
                "r": 0.3960784375667572,
                "g": 0.27843138575553894,
                "b": 0.1882352977991104,
                "a": 1.0
            },
            "bodyColors": [
                {
                    "r": 0.9333333373069763,
                    "g": 0.8666666746139526,
                    "b": 0.843137264251709,
                    "a": 1.0
                },
                {
                    "r": 0.2862745225429535,
                    "g": 0.24313725531101227,
                    "b": 0.24313725531101227,
                    "a": 1.0
                },
                {
                    "r": 0.572549045085907,
                    "g": 0.48235294222831726,
                    "b": 0.4000000059604645,
                    "a": 1.0
                },
                {
                    "r": 0.7215686440467834,
                    "g": 0.7215686440467834,
                    "b": 0.7215686440467834,
                    "a": 1.0
                }
            ],
            "instanceId": 10004
        },
        {
            "crowdTypeID": 93,
            "animConfigID": 1,
            "spawnPosition": {
                "x": 2013.8289794921875,
                "y": 204.0688934326172,
                "z": -854.1489868164062
            },
            "spawnFaceFwd": {
                "x": 0.6274277567863464,
                "z": -0.778674840927124
            },
            "hairColor": {
                "r": 0.4274509847164154,
                "g": 0.37254902720451355,
                "b": 0.3019607961177826,
                "a": 1.0
            },
            "bodyColors": [
                {
                    "r": 0.9333333373069763,
                    "g": 0.8666666746139526,
                    "b": 0.843137264251709,
                    "a": 1.0
                },
                {
                    "r": 0.7215686440467834,
                    "g": 0.7215686440467834,
                    "b": 0.7215686440467834,
                    "a": 1.0
                },
                {
                    "r": 0.2862745225429535,
                    "g": 0.24313725531101227,
                    "b": 0.24313725531101227,
                    "a": 1.0
                },
                {
                    "r": 0.572549045085907,
                    "g": 0.48235294222831726,
                    "b": 0.4000000059604645,
                    "a": 1.0
                }
            ],
            "instanceId": 10005
        },
        {
            "crowdTypeID": 101,
            "animConfigID": 11,
            "spawnPosition": {
                "x": 2016.4129638671875,
                "y": 204.01849365234375,
                "z": -865.9749145507812
            },
            "spawnFaceFwd": {
                "x": -0.7795445919036865,
                "z": -0.6263465881347656
            },
            "hairColor": {
                "r": 0.5215686559677124,
                "g": 0.40392157435417175,
                "b": 0.2549019753932953,
                "a": 1.0
            },
            "bodyColors": [
                {
                    "r": 0.9333333373069763,
                    "g": 0.8666666746139526,
                    "b": 0.843137264251709,
                    "a": 1.0
                },
                {
                    "r": 0.8235294222831726,
                    "g": 0.8235294222831726,
                    "b": 0.8235294222831726,
                    "a": 1.0
                },
                {
                    "r": 0.3686274588108063,
                    "g": 0.24313725531101227,
                    "b": 0.24313725531101227,
                    "a": 1.0
                },
                {
                    "r": 0.4431372582912445,
                    "g": 0.3960784375667572,
                    "b": 0.4941176474094391,
                    "a": 1.0
                }
            ],
            "instanceId": 10006
        },
        {
            "crowdTypeID": 97,
            "animConfigID": 2,
            "spawnPosition": {
                "x": 2016.1910400390625,
                "y": 204.0124969482422,
                "z": -858.9445190429688
            },
            "spawnFaceFwd": {
                "x": -0.9483563899993896,
                "z": -0.31720709800720215
            },
            "hairColor": {
                "r": 0.3960784375667572,
                "g": 0.27843138575553894,
                "b": 0.1882352977991104,
                "a": 1.0
            },
            "bodyColors": [
                {
                    "r": 0.9333333373069763,
                    "g": 0.8666666746139526,
                    "b": 0.843137264251709,
                    "a": 1.0
                },
                {
                    "r": 0.7215686440467834,
                    "g": 0.7215686440467834,
                    "b": 0.7215686440467834,
                    "a": 1.0
                },
                {
                    "r": 0.2862745225429535,
                    "g": 0.24313725531101227,
                    "b": 0.24313725531101227,
                    "a": 1.0
                },
                {
                    "r": 0.572549045085907,
                    "g": 0.48235294222831726,
                    "b": 0.4000000059604645,
                    "a": 1.0
                }
            ],
            "instanceId": 10007
        },
        {
            "crowdTypeID": 96,
            "spawnPosition": {
                "x": 2024.238037109375,
                "y": 204.0126953125,
                "z": -866.8828125
            },
            "spawnFaceFwd": {
                "x": 0.8324941396713257,
                "z": -0.5540338754653931
            },
            "hairColor": {
                "r": 0.5215686559677124,
                "g": 0.40392157435417175,
                "b": 0.2549019753932953,
                "a": 1.0
            },
            "bodyColors": [
                {
                    "r": 0.9333333373069763,
                    "g": 0.8666666746139526,
                    "b": 0.843137264251709,
                    "a": 1.0
                },
                {
                    "r": 0.7568627595901489,
                    "g": 0.7568627595901489,
                    "b": 0.7568627595901489,
                    "a": 1.0
                },
                {
                    "r": 0.5647059082984924,
                    "g": 0.545098066329956,
                    "b": 0.38823530077934265,
                    "a": 1.0
                },
                {
                    "r": 0.29411765933036804,
                    "g": 0.2666666805744171,
                    "b": 0.2078431397676468,
                    "a": 1.0
                }
            ],
            "instanceId": 10009
        },
        {
            "crowdTypeID": 111,
            "animConfigID": 8,
            "spawnPosition": {
                "x": 2020.9830322265625,
                "y": 204.0124969482422,
                "z": -852.0775756835938
            },
            "spawnFaceFwd": {
                "x": 0.9711600542068481,
                "z": -0.23842847347259521
            },
            "sitOnChair": true,
            "hairColor": {
                "r": 0.4274509847164154,
                "g": 0.37254902720451355,
                "b": 0.3019607961177826,
                "a": 1.0
            },
            "bodyColors": [
                {
                    "r": 0.9333333373069763,
                    "g": 0.8666666746139526,
                    "b": 0.843137264251709,
                    "a": 1.0
                },
                {
                    "r": 0.2862745225429535,
                    "g": 0.21568627655506134,
                    "b": 0.21568627655506134,
                    "a": 1.0
                },
                {
                    "r": 0.772549033164978,
                    "g": 0.7607843279838562,
                    "b": 0.7450980544090271,
                    "a": 1.0
                },
                {
                    "r": 0.5882353186607361,
                    "g": 0.4156862795352936,
                    "b": 0.4156862795352936,
                    "a": 1.0
                }
            ],
            "instanceId": 10012
        },
        {
            "crowdTypeID": 112,
            "spawnPosition": {
                "x": 2008.1639404296875,
                "y": 207.72779846191406,
                "z": -903.1146850585938
            },
            "spawnFaceFwd": {
                "x": -0.8155339360237122,
                "z": -0.5787091255187988
            },
            "hairColor": {
                "r": 0.5215686559677124,
                "g": 0.40392157435417175,
                "b": 0.2549019753932953,
                "a": 1.0
            },
            "bodyColors": [
                {
                    "r": 0.9333333373069763,
                    "g": 0.8666666746139526,
                    "b": 0.843137264251709,
                    "a": 1.0
                },
                {
                    "r": 0.22745098173618317,
                    "g": 0.2549019753932953,
                    "b": 0.33725491166114807,
                    "a": 1.0
                },
                {
                    "r": 0.3333333432674408,
                    "g": 0.364705890417099,
                    "b": 0.43529412150382996,
                    "a": 1.0
                },
                {
                    "r": 0.6352941393852234,
                    "g": 0.6196078658103943,
                    "b": 0.6549019813537598,
                    "a": 1.0
                }
            ],
            "instanceId": 10015
        },
        {
            "crowdTypeID": 106,
            "animConfigID": 2,
            "spawnPosition": {
                "x": 2007.501953125,
                "y": 207.7333984375,
                "z": -902.7260131835938
            },
            "spawnFaceFwd": {
                "x": 0.20708388090133667,
                "z": -0.9783231019973755
            },
            "hairColor": {
                "r": 0.3960784375667572,
                "g": 0.27843138575553894,
                "b": 0.1882352977991104,
                "a": 1.0
            },
            "bodyColors": [
                {
                    "r": 0.9333333373069763,
                    "g": 0.8666666746139526,
                    "b": 0.843137264251709,
                    "a": 1.0
                },
                {
                    "r": 0.42352941632270813,
                    "g": 0.4627451002597809,
                    "b": 0.5647059082984924,
                    "a": 1.0
                },
                {
                    "r": 0.6745098233222961,
                    "g": 0.6666666865348816,
                    "b": 0.6549019813537598,
                    "a": 1.0
                },
                {
                    "r": 0.2980392277240753,
                    "g": 0.27843138575553894,
                    "b": 0.3176470696926117,
                    "a": 1.0
                }
            ],
            "instanceId": 10016
        }
    ]
}